20 220 1
60 220 1
100 220 1
140 220 1
180 220 1
100 260 1
100 300 1
100 340 1
240 220 1
280 220 1
320 220 1
320 260 1
320 300 1
320 340 1
240 260 1
240 300 1
240 340 1
280 300 1
380 340 1
380 300 1
380 260 1
380 220 1
420 260 1
460 300 1
500 340 1
500 300 1
500 260 1
500 220 1
560 220 1
560 260 1
560 300 1
560 340 1
600 260 1
640 220 1
640 300 1
680 340 1
740 340 1
780 340 1
820 340 1
820 300 1
820 260 1
780 260 1
740 260 1
740 220 1
740 180 1
780 180 1
820 180 1
20 420 1
60 420 1
100 420 1
100 460 1
20 460 1
20 500 1
20 540 1
20 580 1
60 580 1
100 580 1
100 540 1
140 540 1
200 580 1
200 540 1
200 500 1
200 460 1
200 420 1
240 420 1
280 420 1
280 460 1
280 500 1
280 540 1
280 580 1
240 500 1
340 580 1
340 540 1
340 500 1
340 460 1
340 420 1
380 420 1
420 460 1
460 500 1
500 460 1
540 420 1
580 420 1
580 460 1
580 500 1
580 540 1
580 580 1